|========================================================================================================================================================|
|    Iteration   |      AUC       |  Time Elapsed  |Encoded subgraph|   Train ratio  |    Threshold   |    Precision   |     Recall     |     F1-Score   |
|                |                |   (hh:mm:ss)   |      (K)       |       %        |                |                |                |                |
|========================================================================================================================================================|
|              1 |         1.0000 |       00:00:00 |             10 |            90% |           0.00 |         0.0000 |         0.0000 |         0.0000 |
|              1 |         1.0000 |       00:00:00 |             10 |            90% |           0.00 |         0.0000 |         0.0000 |         0.0000 |
|              1 |         1.0000 |       00:00:00 |             10 |            90% |           0.00 |         0.0000 |         0.0000 |         0.0000 |
|              1 |         1.0000 |       00:00:00 |             10 |            90% |           0.00 |         0.0000 |         0.0000 |         0.0000 |
|              1 |         1.0000 |       00:00:06 |             10 |            90% |           0.00 |         0.0000 |         0.0000 |         0.0000 |
|              1 |         1.0000 |       00:00:00 |             10 |            90% |           0.00 |         0.0000 |         0.0000 |         0.0000 |
|              1 |         0.0000 |       00:00:00 |             10 |            90% |           0.00 |         0.0000 |         0.0000 |         0.0000 |
|              1 |         0.8571 |       00:00:00 |             10 |            90% |           0.00 |         0.0000 |         0.0000 |         0.0000 |
|              1 |         0.9643 |       00:00:00 |             10 |            90% |           0.00 |         0.0000 |         0.0000 |         0.0000 |
|              1 |         1.0000 |       00:00:00 |             10 |            90% |           0.00 |         0.0000 |         0.0000 |         0.0000 |
|              1 |         0.8571 |       00:00:00 |             10 |            90% |           0.00 |         0.0000 |         0.0000 |         0.0000 |
|              1 |         0.7143 |       00:00:00 |             10 |            90% |           0.00 |         0.0000 |         0.0000 |         0.0000 |
|              1 |         1.0000 |       00:00:00 |             10 |            90% |           0.00 |         0.0000 |         0.0000 |         0.0000 |
|              1 |         1.0000 |       00:00:00 |             10 |            90% |           0.00 |         0.0000 |         0.0000 |         0.0000 |
|              1 |         1.0000 |       00:00:00 |             10 |            90% |           0.00 |         0.0000 |         0.0000 |         0.0000 |
|              1 |         1.0000 |       00:00:00 |             10 |            90% |           0.00 |         0.0000 |         0.0000 |         0.0000 |
|              1 |         1.0000 |       00:00:00 |             10 |            90% |           0.00 |         0.0000 |         0.0000 |         0.0000 |
|              1 |         1.0000 |       00:00:00 |             10 |            90% |           0.00 |         0.0000 |         0.0000 |         0.0000 |
|              1 |         1.0000 |       00:00:00 |             10 |            90% |           0.00 |         0.0000 |         0.0000 |         0.0000 |
|              1 |         0.8571 |       00:00:00 |             10 |            90% |           0.00 |         0.0000 |         0.0000 |         0.0000 |
|              1 |         0.8929 |       00:00:00 |             10 |            90% |           0.00 |         0.0000 |         0.0000 |         0.0000 |
|              1 |         0.8929 |       00:00:00 |             10 |            90% |           0.00 |         0.0000 |         0.0000 |         0.0000 |
|              1 |         1.0000 |       00:00:00 |             10 |            90% |           0.00 |         0.0000 |         0.0000 |         0.0000 |
